<?xml version="1.0"?>
<opencv_storage>
<intrinsic_coeffs type_id="opencv-matrix">
  <rows>3</rows>
  <cols>3</cols>
  <dt>d</dt>
  <data>
    6.3724838886827104e+02 0. 2.9459317312710590e+02 0.
    6.0006477596531545e+02 2.2218000802381766e+02 0. 0. 1.</data></intrinsic_coeffs>
<distortion_coeffs type_id="opencv-matrix">
  <rows>1</rows>
  <cols>5</cols>
  <dt>d</dt>
  <data>
    1.9062446536788485e-01 -9.3923871753976218e-01
    -8.5384298876312083e-03 -2.5338704760906384e-03
    1.2664154005347814e+00</data></distortion_coeffs>
</opencv_storage>
