<?xml version="1.0"?>
<opencv_storage>
<calibration_Time>"Sex 23 Dez 2016 01:14:14 WET"</calibration_Time>
<nrOfFrames>25</nrOfFrames>
<image_Width>640</image_Width>
<image_Height>480</image_Height>
<board_Width>9</board_Width>
<board_Height>6</board_Height>
<square_Size>50.</square_Size>
<FixAspectRatio>1.</FixAspectRatio>
<!-- flags:  +fix_aspectRatio +fix_principal_point +zero_tangent_dist -->
<flagValue>14</flagValue>
<Camera_Matrix type_id="opencv-matrix">
  <rows>3</rows>
  <cols>3</cols>
  <dt>d</dt>
  <data>
    1.3184979725725550e+03 0. 3.1950000000000000e+02 0.
    1.3184979725725550e+03 2.3950000000000000e+02 0. 0. 1.</data></Camera_Matrix>
<Distortion_Coefficients type_id="opencv-matrix">
  <rows>5</rows>
  <cols>1</cols>
  <dt>d</dt>
  <data>
    8.2669470277126889e-01 -1.0603284173571286e+01 0. 0.
    3.1446040093606928e+01</data></Distortion_Coefficients>
<Avg_Reprojection_Error>2.4812560315610166e+00</Avg_Reprojection_Error>
<Per_View_Reprojection_Errors type_id="opencv-matrix">
  <rows>25</rows>
  <cols>1</cols>
  <dt>f</dt>
  <data>
    1.36613107e+00 1.35001373e+00 1.08739495e+00 1.57272935e+00
    1.76724267e+00 2.04829121e+00 2.03879690e+00 1.93412876e+00
    1.98577154e+00 2.14862061e+00 1.55263972e+00 1.40159094e+00
    4.75892544e+00 5.18353081e+00 5.12360716e+00 2.47907352e+00
    2.25358725e+00 2.31841969e+00 2.12282038e+00 1.96967757e+00
    1.94778454e+00 1.95463657e+00 1.93190670e+00 1.81923771e+00
    1.73500299e+00</data></Per_View_Reprojection_Errors>
<!-- a set of 6-tuples (rotation vector + translation vector) for each view -->
<Extrinsic_Parameters type_id="opencv-matrix">
  <rows>25</rows>
  <cols>6</cols>
  <dt>d</dt>
  <data>
    -4.5486643739945276e-01 1.0778846351466327e-01
    1.6184578204351291e-02 -1.1726448271700144e+02
    -1.0947362038686869e+02 2.2911977874451891e+03
    -3.1232760273145227e-02 6.5357352134579760e-01
    3.0209643501929566e+00 2.1102590065058138e+02 1.8082596494228093e+02
    1.4258020988181829e+03 -2.5750534382594493e-02
    6.1783925427022157e-01 3.0005068428036838e+00 2.2780413351323122e+02
    1.8416893652269357e+02 1.4377109150365238e+03
    -3.1573286523203681e-02 6.0812637083930199e-01
    2.9942758350059266e+00 2.3643512321700149e+02 1.8465029476280154e+02
    1.4213428190198661e+03 -4.6015625317910744e-02
    6.0323393171072326e-01 2.9901131259835716e+00 2.3711879314185123e+02
    1.8462691896324390e+02 1.4220996220947345e+03
    -3.7012821917310354e-02 5.8138835079438889e-01
    2.9884779144097893e+00 2.3877980056756226e+02 1.8654484043926641e+02
    1.4208800666453642e+03 -4.7689462582606951e-02
    5.8601844114669743e-01 2.9912742184787882e+00 2.3718684763741257e+02
    1.8481583078202047e+02 1.4175662433749899e+03
    -5.2375593566394547e-02 6.0178245844149059e-01
    2.9932049139921566e+00 2.3516973343664543e+02 1.8355103921556130e+02
    1.4080665173540340e+03 -5.4189862411154269e-02
    5.9909284667545404e-01 2.9921482491795781e+00 2.3793425374355130e+02
    1.8127831541215386e+02 1.4041911839160662e+03
    -6.3974313607156871e-02 5.8088130642472691e-01
    2.9956405290337669e+00 2.4079959784393034e+02 1.7998313218561987e+02
    1.3990941116157080e+03 -4.0579080560308664e-02
    5.6143239975345505e-01 2.9731096880519452e+00 2.6169860341668544e+02
    1.7769489545874399e+02 1.4020810821279599e+03 3.5581158758014993e-02
    5.6905999978120103e-01 2.9493367920095879e+00 3.0427660641339935e+02
    1.7029853146313314e+02 1.3747990364447719e+03 9.0671511724611936e-03
    5.0564175126977129e-01 3.0288394787805504e+00 3.0340864358156341e+02
    1.5571050577859597e+02 1.2723899496884012e+03
    -2.3661162025175725e-01 -2.0695697125060122e-01
    -4.7514228240252539e-02 -2.7640300242607549e+02
    -1.7955978726434813e+02 1.3673916368399182e+03
    -2.3330620031713387e-01 -2.0834893206293367e-01
    -2.9717930484904280e-02 -2.8264715300886326e+02
    -1.8001467522025681e+02 1.3562174064365961e+03
    1.5577350851231311e-01 5.8184842007656268e-01 3.0522118216923615e+00
    2.5591888940053559e+02 1.7459831999183271e+02 1.4668192575622325e+03
    1.1962758326304192e-01 6.2596604406579848e-01 3.0409651410820748e+00
    2.5783261861317231e+02 2.1402408052549231e+02 1.3318299072340751e+03
    1.0395943435684932e-01 6.2251799184653578e-01 3.0397911132322721e+00
    2.5777718745030728e+02 2.1657518364830068e+02 1.3311358932576040e+03
    1.0355554059130452e-01 6.3018774917908404e-01 3.0338390961780952e+00
    2.6177492456040062e+02 2.1271695865989793e+02 1.3185905233513772e+03
    1.0127071925486451e-01 6.3919821614434702e-01 3.0176319351358347e+00
    2.6727277106546779e+02 2.0750845752984279e+02 1.3113908135661695e+03
    1.0902605566619210e-01 6.2847207989412623e-01 3.0217552148048643e+00
    2.6834075889600558e+02 2.0565531197811592e+02 1.3147115465326708e+03
    1.1362488209085196e-01 6.2498903252804938e-01 3.0202863500181092e+00
    2.6831447378258065e+02 2.0654678240925404e+02 1.3176330934810467e+03
    1.0683406107432079e-01 6.2701934961565742e-01 3.0197502692633900e+00
    2.6778278465276662e+02 2.0808568208968100e+02 1.3158461340954429e+03
    1.0443091292617269e-01 6.2714873512113500e-01 3.0194876305015512e+00
    2.6761244284107397e+02 2.0779475697625557e+02 1.3136339066025309e+03
    1.0240001290997272e-01 6.2739578123532702e-01 3.0223521187478561e+00
    2.6550339736222776e+02 2.0804385354502884e+02 1.3144847472710999e+03</data></Extrinsic_Parameters>
